M305G #50470 (Lerma) - Spring 1997 - FINAL GRADES


  SSN HWAVG TEST1 TEST2 FINAL   GRADE

 0807    15    69     0    52    36 F
 1135    97    89    95   104    98 A
 1770     0    66     0          10 F
 2153    92    96    99    96    95 A
 2804    85    93    85    80    84 B
 2884    42    79    89    88    73 C
 2893    35    79    97    56    60 D
 2895    95    95    94   108   100 A
 3088    70    77    80    84    80 B
 3129    52    85    91    84    76 C
 3595    68    84    87    48    65 D
 3845    99    92    90   112   100 A
 4214    71    67    65    52    62 D
 4275     0     0     0           0 F
 4732    35    73    92    68    63 D
 4929    34    58     0   100    74 C
 5270    93   100    84   104    97 A
 5870    60    79    71    68    68 D
 6078    91    84    99   100    95 A
 6259    87    92    97    80    86 B
 6372     0    76     0          11 F
 6558    28    72    60    52    49 F
 6865    75    94    89   100    90 A
 6945    65    64    93    52    64 D
 7474    63    91    83    60    70 C
 7487    77    82    87    92    85 B
 7610    88    93    85    72    82 B
 8428    85    91    93    64    78 C
 8822    61     0    85    64    60 D
 8866    83    93    90    80    84 B
 8929    60    87    82    68    71 C
 9182    80    90    89    84    84 B
 9999    62    78    73    78    70 C

